329
575
1578
6258
17571
15211
10249
7971
7526
8080
8708
9237
9263
9009
8794
8644
8951
9355
9505
9472
9616
9587
10078
10410
10617
10611
10216
9975
9926
9857
10032
10167
10372
10651
10296
10250
10250
10142
10525
10555
10685
10882
10820
10626
10759
10579
10395
10189
10486
10476
10717
10621
10863
10585
10549
10452
10439
10212
10127
10099
10391
10559
10878
10922
10816
10730
11065
10876
10887
10667
10748
10387
10347
10538
10576
10632
10843
11004
11118
11048
11056
10828
10865
11110
11107
10984
10797
10485
10484
10395
10542
10679
10795
11082
10884
11073
11109
11232
11220
11539
11489
11488
11267
11610
11694
11559
11553
11742
11728
11860
11476
11400
11585
11535
11729
12127
12238
12494
12339
12565
12785
12741
13015
13071
13038
13438
13589
13543
13544
13426
13772
13733
13891
14116
14286
14354
14572
14676
14642
14922
15088
15124
15336
15358
15442
15543
15623
15842
15862
16147
16114
16321
16613
16692
17092
16836
17049
17197
17450
17480
17322
17257
17384
17006
16989
16811
17025
17052
17380
17768
18060
19212
23791
37682
50122
74164
62334
62038
78137
87490
83128
92350
100628
108218
118121
119026
117562
119716
137004
76952
61724
66637
49440
39568
33120
21180
20537
20968
20653
19349
17652
17269
16978
16303
15874
15123
14532
13854
13543
12680
12156
11322
11031
10458
9710
9182
8789
8441
7983
7559
7173
6822
6310
5997
5723
5573
5390
5299
5108
5006
4907
4852
4737
4867
4738
4948
4887
5077
5289
5372
5255
4528
4232
3944
3960
3961
4104
4428
4302
3752
3162
2463
1662
880
397
352
