1.000000 1.000000 1.000000 1.000000 1.000000 1.000000 1.000000 1.000000 1.000000 1.000000 1.000000 1.000000 1.000000 1.000000 1.000000 1.000000 
0.000000 0.495110 0.687736 0.775379 0.820486 0.845359 0.858916 0.864965 0.864965 0.858916 0.845359 0.820486 0.775379 0.687736 0.495110 0.000000 
0.000000 0.292704 0.480455 0.593294 0.661207 0.702033 0.725341 0.735979 0.735979 0.725341 0.702033 0.661207 0.593294 0.480455 0.292704 0.000000 
0.000000 0.195252 0.348085 0.456134 0.529015 0.576224 0.604436 0.617630 0.617630 0.604436 0.576224 0.529015 0.456134 0.348085 0.195252 0.000000 
0.000000 0.140221 0.260498 0.354142 0.422497 0.469411 0.498549 0.512476 0.512476 0.498549 0.469411 0.422497 0.354142 0.260498 0.140221 0.000000 
0.000000 0.105132 0.199544 0.277440 0.337419 0.380376 0.407871 0.421250 0.421250 0.407871 0.380376 0.337419 0.277440 0.199544 0.105132 0.000000 
0.000000 0.080764 0.155106 0.218654 0.269363 0.306802 0.331311 0.343401 0.343401 0.331311 0.306802 0.269363 0.218654 0.155106 0.080764 0.000000 
0.000000 0.062818 0.121462 0.172706 0.214579 0.246157 0.267171 0.277643 0.277643 0.267171 0.246157 0.214579 0.172706 0.121462 0.062818 0.000000 
0.000000 0.049044 0.095219 0.136130 0.170089 0.196077 0.213573 0.222356 0.222356 0.213573 0.196077 0.170089 0.136130 0.095219 0.049044 0.000000 
0.000000 0.038141 0.074238 0.106505 0.133570 0.154489 0.168688 0.175853 0.175853 0.168688 0.154489 0.133570 0.106505 0.074238 0.038141 0.000000 
0.000000 0.029283 0.057087 0.082084 0.103195 0.119623 0.130836 0.136514 0.136514 0.130836 0.119623 0.103195 0.082084 0.057087 0.029283 0.000000 
0.000000 0.021903 0.042744 0.061549 0.077503 0.089974 0.098517 0.102855 0.102855 0.098517 0.089974 0.077503 0.061549 0.042744 0.021903 0.000000 
0.000000 0.015586 0.030435 0.043866 0.055293 0.064252 0.070404 0.073533 0.073533 0.070404 0.064252 0.055293 0.043866 0.030435 0.015586 0.000000 
0.000000 0.010005 0.019545 0.028186 0.035551 0.041336 0.045315 0.047340 0.047340 0.045315 0.041336 0.035551 0.028186 0.019545 0.010005 0.000000 
0.000000 0.004890 0.009554 0.013783 0.017390 0.020226 0.022178 0.023173 0.023173 0.022178 0.020226 0.017390 0.013783 0.009554 0.004890 0.000000 
0.000000 0.000000 0.000000 0.000000 0.000000 0.000000 0.000000 0.000000 0.000000 0.000000 0.000000 0.000000 0.000000 0.000000 0.000000 0.000000 
